0,1,2,3,4,5,6,7,8,9,10,11,12,13,14,15
"(0, 12)","(0, 13)","(0, 14)","(1, 12)","(1, 13)","(1, 14)","(1, 15)","(2, 12)","(2, 13)","(2, 14)","(2, 15)","(3, 12)","(3, 13)","(3, 14)","(3, 15)","(4, 12)","(4, 13)","(4, 14)","(4, 15)","(5, 12)","(5, 13)","(5, 14)","(6, 12)","(6, 15)","(7, 12)","(7, 13)","(7, 14)","(8, 12)","(8, 13)","(8, 14)","(8, 15)","(9, 12)","(9, 13)","(9, 14)","(9, 15)","(10, 12)","(10, 13)","(10, 14)","(10, 15)","(11, 12)","(11, 13)","(11, 15)","(12, 13)","(12, 14)","(12, 15)","(13, 14)","(13, 15)","(14, 15)"
4306,92
0,11,12,13
1,11,12,13,15
2,11,12,13,15
3,11,12,13,15
4,11,12,13,15
5,11,12,13
6,11,12,15
7,11,12,13
8,11,12,13,15
9,11,12,13,15
10,11,12,13,15
11,10,12,13,15
0,6,12,11,13,15,14
0,11,12,13,10,14,15
1,6,12,15,11,13
2,6,12,15,11,13
3,6,12,15,11,13
4,6,12,15,11,13
5,6,12,11,13,15,14
5,11,12,13,10,14,15
6,7,12,11,15,13,14
6,8,12,15,11,13
6,9,12,15,11,13
6,10,12,15,11,13
6,11,12,15,10,13
7,11,12,13,10,14,15
13,0,11,12
13,1,11,12,15
13,2,11,12,15
13,3,11,12,15
13,4,11,12,15
13,5,11,12
13,7,11,12
13,8,11,12,15
13,9,11,12,15
13,10,11,12,15
13,11,10,12,15
14,0,11,12,13,15
14,1,11,12,13,15
14,2,11,12,13,15
14,3,11,12,13,15
14,4,11,12,13,15
14,5,11,12,13,15
14,7,11,12,13,15
14,8,11,12,13,15
14,9,11,12,13,15
14,10,11,12,13,15
15,1,11,12,13
15,2,11,12,13
15,3,11,12,13
15,4,11,12,13
15,6,11,12
15,8,11,12,13
15,9,11,12,13
15,10,11,12,13
15,11,10,12,13
1,6,12,15,11,13,10,14
2,6,12,15,11,13,10,14
3,6,12,15,11,13,10,14
4,6,12,15,11,13,10,14
6,8,12,15,11,13,10,14
6,9,12,15,11,13,10,14
6,10,12,15,11,13,9,14
12,14,0,11,13,15
12,14,5,11,13,15
12,14,7,11,13,15
14,1,6,12,15,11,13
14,2,6,12,15,11,13
14,3,6,12,15,11,13
14,4,6,12,15,11,13
14,6,12,15,8,11,13
14,6,12,15,9,11,13
14,6,12,15,10,11,13
0,1,12,13,14,5,7,11,15
0,2,12,13,14,5,7,11,15
0,3,12,13,14,5,7,11,15
0,4,12,13,14,5,7,11,15
0,5,12,13,14,7,8,11,15
0,5,12,13,14,7,9,11,15
0,5,12,13,14,7,10,11,15
0,1,12,13,14,2,15,3,4,5,6,7,8,9,10
0,1,12,13,14,2,15,3,4,5,6,7,8,9,11
0,1,12,13,14,2,15,3,4,5,6,7,8,10,11
0,1,12,13,14,2,15,3,4,5,6,7,9,10,11
0,1,12,13,14,2,15,3,4,5,6,8,9,10,11
0,1,12,13,14,2,15,3,4,5,7,8,9,10,11
0,1,12,13,14,2,15,3,4,6,7,8,9,10,11
0,1,12,13,14,2,15,3,5,6,7,8,9,10,11
0,1,12,13,14,2,15,4,5,6,7,8,9,10,11
0,1,12,13,14,3,15,4,5,6,7,8,9,10,11
0,2,12,13,14,3,15,4,5,6,7,8,9,10,11
1,2,12,13,14,15,3,4,5,6,7,8,9,10,11
