0,1,2,3,4,5,6,7,8,9,10,11,12,13
"(0, 10)","(0, 11)","(0, 12)","(1, 10)","(1, 11)","(1, 12)","(1, 13)","(2, 10)","(2, 11)","(2, 12)","(2, 13)","(3, 10)","(3, 11)","(3, 12)","(3, 13)","(4, 10)","(4, 11)","(4, 12)","(5, 10)","(5, 11)","(5, 13)","(6, 10)","(6, 11)","(7, 10)","(7, 11)","(7, 12)","(7, 13)","(8, 10)","(8, 12)","(8, 13)","(9, 10)","(9, 11)","(9, 12)","(9, 13)","(10, 11)","(10, 12)","(10, 13)","(11, 12)","(11, 13)","(12, 13)"
1193,65
0,9,10,11,12
1,9,10,11,12,13
2,9,10,11,12,13
3,9,10,11,12,13
4,9,10,11,12
5,9,10,11,13
6,9,10,11
7,9,10,11,12,13
8,9,10,12,13
9,8,10,12,13
0,8,10,12,9,11,13
1,8,10,12,13,9,11
2,8,10,12,13,9,11
3,8,10,12,13,9,11
4,8,10,12,9,11,13
5,8,10,13,9,11,12
6,8,10,9,11,12,13
7,8,10,12,13,9,11
8,9,10,12,13,7,11
11,0,9,10,12
11,1,9,10,12,13
11,2,9,10,12,13
11,3,9,10,12,13
11,4,9,10,12
11,5,9,10,13
11,6,9,10
11,7,9,10,12,13
11,9,8,10,12,13
12,0,9,10,11
12,1,9,10,11,13
12,2,9,10,11,13
12,3,9,10,11,13
12,4,9,10,11
12,7,9,10,11,13
12,8,9,10,13
12,9,8,10,13
13,1,9,10,11,12
13,2,9,10,11,12
13,3,9,10,11,12
13,5,9,10,11
13,7,9,10,11,12
13,8,9,10,12
13,9,8,10,12
0,5,10,11,6,9,12,13
1,5,10,11,13,6,9,12
2,5,10,11,13,6,9,12
3,5,10,11,13,6,9,12
4,5,10,11,6,9,12,13
5,6,10,11,7,13,9,12
5,6,10,11,9,13,8,12
0,1,10,11,12,4,6,9,13
0,2,10,11,12,4,6,9,13
0,3,10,11,12,4,6,9,13
0,4,10,11,12,6,7,9,13
0,4,10,11,12,6,9,8,13
0,1,10,11,12,2,13,3,4,5,6,7,8
0,1,10,11,12,2,13,3,4,5,6,7,9
0,1,10,11,12,2,13,3,4,5,6,8,9
0,1,10,11,12,2,13,3,4,5,7,8,9
0,1,10,11,12,2,13,3,4,6,7,8,9
0,1,10,11,12,2,13,3,5,6,7,8,9
0,1,10,11,12,2,13,4,5,6,7,8,9
0,1,10,11,12,3,13,4,5,6,7,8,9
0,2,10,11,12,3,13,4,5,6,7,8,9
1,2,10,11,12,13,3,4,5,6,7,8,9
